0 1 0 0 16.6030 0.2500
200 1 0 0 15.5280 0.2500
250 1 0 0 16.4980 0.2500
0 0 0 1 100.0740 0.0000
0 1 0 0 29.1200 0.2306
0 1 0 0 32.1080 0.2092
0 1 0 0 18.1100 0.2500
0 1 0 0 19.3040 0.2500
0 1 0 0 19.8270 0.2500
0 1 0 0 19.0910 0.2500
0 1 0 0 18.9280 0.2500
100 0 1 0 7.7430 0.0000
100 1 0 0 19.7280 0.2500
280 1 0 0 22.2410 0.2500
299 0 1 0 23.4210 0.0000
280 0 1 0 3.5060 0.0000
100 0 0 1 100.0160 0.0000
100 0 1 0 15.6220 0.0000
100 1 0 0 25.2100 0.2165
100 1 0 0 28.5940 0.1909
100 1 0 0 27.9290 0.1955
100 1 0 0 27.8660 0.1959
100 1 0 0 27.2410 0.2004
100 1 0 0 27.8860 0.1958
100 1 0 0 28.3790 0.1924
280 0 1 0 8.1990 0.0000
280 1 0 0 32.5550 0.1983
280 1 0 0 27.3500 0.2361
280 1 0 0 33.0390 0.1954
280 1 0 0 12.0380 0.2500
280 1 0 0 28.5120 0.2265
280 1 0 0 16.1640 0.2500
280 1 0 0 20.9100 0.2500
280 0 1 0 2.8410 0.0000
280 0 1 0 18.1840 0.0000
280 0 1 0 7.4310 0.0000
280 1 0 0 28.5630 0.2261
280 1 0 0 22.4980 0.2500
280 0 1 0 33.5080 0.0000
280 1 0 0 40.4080 0.1598
280 1 0 0 34.8300 0.1854
280 1 0 0 36.1650 0.1785
280 1 0 0 27.9020 0.2314
280 0 1 0 16.3150 0.0000
280 1 0 0 29.5670 0.2184
280 1 0 0 30.7750 0.2098
280 1 0 0 19.2740 0.2500
280 1 0 0 18.0180 0.2500
280 1 0 0 18.5490 0.2500
280 1 0 0 15.8290 0.2500
280 1 0 0 12.0970 0.2500
250 1 0 0 21.1420 0.2500
250 1 0 0 20.1210 0.2500
250 1 0 0 26.4240 0.2001
280 1 0 0 11.2990 0.2500
280 1 0 0 13.5890 0.2500
280 1 0 0 14.4600 0.2500
280 1 0 0 13.7140 0.2500
250 1 0 0 25.0060 0.2115
280 1 0 0 11.2020 0.2500
290 1 0 0 15.6240 0.2500
299 1 0 0 12.5340 0.2500
250 1 0 0 23.0390 0.2295
250 1 0 0 14.6380 0.2500
250 1 0 0 20.2840 0.2500
280 1 0 0 13.1220 0.2500
280 1 0 0 11.9910 0.2500
280 1 0 0 13.5430 0.2500
280 1 0 0 11.0460 0.2500
280 0 1 0 8.4950 0.0000
280 1 0 0 12.8060 0.2500
280 0 1 0 5.6250 0.0000
280 1 0 0 10.5760 0.2500
280 1 0 0 12.6380 0.2500
280 1 0 0 11.2640 0.2500
250 1 0 0 25.7050 0.2057
250 0 1 0 9.6920 0.0000
250 1 0 0 18.8200 0.2500
250 1 0 0 30.5570 0.1731
250 1 0 0 23.7460 0.2227
250 0 1 0 9.5950 0.0000
250 0 1 0 18.5530 0.0000
250 1 0 0 12.7000 0.2500
250 1 0 0 13.3530 0.2500
250 1 0 0 13.5280 0.2500
250 1 0 0 15.0650 0.2500
250 0 1 0 6.5380 0.0000
250 1 0 0 17.7850 0.2500
250 0 1 0 8.5030 0.0000
250 0 1 0 8.2140 0.0000
250 1 0 0 29.1260 0.1816
250 0 1 0 33.5950 0.0000
250 0 1 0 13.9720 0.0000
250 0 1 0 8.4780 0.0000
250 1 0 0 12.0590 0.2500
250 0 1 0 3.7300 0.0000
250 1 0 0 13.7730 0.2500
250 1 0 0 12.4610 0.2500
280 1 0 0 11.7400 0.2500
280 1 0 0 13.0220 0.2500
280 1 0 0 12.5620 0.2500
280 1 0 0 12.8880 0.2500
280 0 1 0 8.1400 0.0000
280 1 0 0 12.8290 0.2500
280 1 0 0 12.0250 0.2500
280 1 0 0 12.8460 0.2500
280 0 1 0 5.5230 0.0000
280 1 0 0 12.1300 0.2500
280 1 0 0 12.7400 0.2500
280 1 0 0 12.5500 0.2500
280 1 0 0 13.8450 0.2500
280 1 0 0 13.0400 0.2500
280 1 0 0 10.0990 0.2500
280 1 0 0 12.9360 0.2500
280 1 0 0 12.5090 0.2500
280 1 0 0 86.5590 0.1250
280 0 1 0 47.0780 0.0000
280 1 0 0 86.0450 0.1250
280 1 0 0 84.3580 0.1250
280 1 0 0 18.9860 0.2500
280 1 0 0 12.9680 0.2500
280 1 0 0 19.9200 0.2500
280 1 0 0 19.8970 0.2500
280 1 0 0 20.6070 0.2500
280 1 0 0 16.9060 0.2500
280 1 0 0 22.6940 0.2500
280 1 0 0 15.4590 0.2500
280 0 1 0 16.8770 0.0000
280 1 0 0 18.4650 0.2500
280 0 1 0 8.0380 0.0000
280 0 1 0 2.9140 0.0000
280 1 0 0 13.2630 0.2500
280 1 0 0 12.5560 0.2500
280 1 0 0 12.2570 0.2500
280 1 0 0 13.4580 0.2500
280 1 0 0 12.5100 0.2500
280 1 0 0 12.9780 0.2500
280 0 1 0 3.6170 0.0000
280 1 0 0 11.5450 0.2500
280 0 1 0 3.0040 0.0000
280 1 0 0 0.0000 0.2500
280 1 0 0 0.0000 0.2500
280 1 0 0 0.0000 0.2500
280 1 0 0 0.0000 0.2500
280 1 0 0 12.6320 0.2500
280 1 0 0 10.7990 0.2500
280 1 0 0 12.2400 0.2500
280 1 0 0 11.2220 0.2500
280 1 0 0 10.9040 0.2500
280 0 1 0 8.1470 0.0000
280 1 0 0 12.3490 0.2500
280 1 0 0 11.9700 0.2500
280 0 1 0 30.3130 0.0000
280 0 0 1 1000.0170 0.0000
280 1 0 0 61.1590 0.1250
280 1 0 0 12.2280 0.2500
280 1 0 0 12.5440 0.2500
280 0 1 0 8.0230 0.0000
280 1 0 0 12.0430 0.2500
280 1 0 0 12.2790 0.2500
280 1 0 0 11.9490 0.2500
280 1 0 0 10.8240 0.2500
280 1 0 0 12.1750 0.2500
250 0 1 0 8.0990 0.0000
250 0 1 0 8.6070 0.0000
280 1 0 0 12.5540 0.2500
280 1 0 0 12.7870 0.2500
280 1 0 0 13.0780 0.2500
280 1 0 0 13.4840 0.2500
280 1 0 0 15.7460 0.2500
280 1 0 0 11.8480 0.2500
280 0 1 0 7.3500 0.0000
280 1 0 0 12.2550 0.2500
280 1 0 0 12.0800 0.2500
280 1 0 0 11.5540 0.2500
280 1 0 0 10.8190 0.2500
280 1 0 0 11.8840 0.2500
280 1 0 0 10.7380 0.2500
280 1 0 0 12.4610 0.2500
280 0 1 0 8.0670 0.0000
280 1 0 0 11.8970 0.2500
280 1 0 0 12.3840 0.2500
280 1 0 0 10.8010 0.2500
280 1 0 0 10.8250 0.2500
280 1 0 0 12.9190 0.2500
280 1 0 0 12.0260 0.2500
280 1 0 0 12.9870 0.2500
280 1 0 0 12.8980 0.2500
280 1 0 0 12.9610 0.2500
280 1 0 0 12.3520 0.2500
280 1 0 0 11.8610 0.2500
280 0 1 0 8.1750 0.0000
280 1 0 0 10.7440 0.2500
280 1 0 0 12.2640 0.2500
280 1 0 0 10.9040 0.2500
280 1 0 0 12.9660 0.2500
280 1 0 0 12.3780 0.2500
280 1 0 0 12.4820 0.2500
280 1 0 0 12.6950 0.2500
280 1 0 0 12.2500 0.2500
280 1 0 0 12.0530 0.2500
280 1 0 0 12.7700 0.2500
280 1 0 0 12.7490 0.2500
280 1 0 0 11.9360 0.2500
280 1 0 0 11.0210 0.2500
280 1 0 0 12.3530 0.2500
280 1 0 0 11.9460 0.2500
280 1 0 0 10.7040 0.2500
280 0 1 0 8.0390 0.0000
280 0 1 0 5.0770 0.0000
280 0 1 0 3.9220 0.0000
280 0 1 0 17.9810 0.0000
280 1 0 0 12.7810 0.2500
280 1 0 0 11.9830 0.2500
280 1 0 0 10.8180 0.2500
280 0 1 0 10.4670 0.0000
280 0 1 0 4.8600 0.0000
280 0 1 0 4.9640 0.0000
280 0 1 0 5.0730 0.0000
280 1 0 0 10.5180 0.2500
280 0 1 0 5.4770 0.0000
280 0 1 0 4.9380 0.0000
280 1 0 0 12.0540 0.2500
280 1 0 0 11.8730 0.2500
250 1 0 0 14.2310 0.2500
250 1 0 0 15.2730 0.2500
250 0 1 0 7.7960 0.0000
250 1 0 0 14.1310 0.2500
250 0 1 0 10.8640 0.0000
250 1 0 0 14.7780 0.2500
250 0 1 0 7.0660 0.0000
250 1 0 0 14.0320 0.2500
250 1 0 0 13.8460 0.2500
250 1 0 0 13.6330 0.2500
250 1 0 0 14.1340 0.2500
250 1 0 0 14.6560 0.2500
250 1 0 0 15.2880 0.2500
250 0 1 0 13.7830 0.0000
250 1 0 0 13.4400 0.2500
250 1 0 0 14.1280 0.2500
250 1 0 0 13.6390 0.2500
250 0 1 0 6.5750 0.0000
250 1 0 0 12.9360 0.2500
250 1 0 0 14.8800 0.2500
250 1 0 0 25.9190 0.2040
250 0 1 0 6.9890 0.0000
250 1 0 0 13.0370 0.2500
250 1 0 0 13.3080 0.2500
280 1 0 0 10.1260 0.2500
280 1 0 0 11.5620 0.2500
280 1 0 0 10.4270 0.2500
280 1 0 0 11.2860 0.2500
250 1 0 0 16.0240 0.2500
250 0 1 0 11.8390 0.0000
250 0 1 0 7.2730 0.0000
280 0 1 0 6.3080 0.0000
280 1 0 0 12.3350 0.2500
290 1 0 0 10.1610 0.2500
299 0 1 0 4.5440 0.0000
299 1 0 0 11.3950 0.2500
299 1 0 0 19.2270 0.2500
299 0 1 0 5.4010 0.0000
299 1 0 0 12.4190 0.2500
298 0 1 0 4.8560 0.0000
298 0 1 0 6.1910 0.0000
298 0 1 0 15.8250 0.0000
298 1 0 0 11.7670 0.2500
298 1 0 0 17.5170 0.2500
298 1 0 0 12.1840 0.2500
298 1 0 0 10.8410 0.2500
298 0 1 0 4.9520 0.0000
298 0 1 0 3.1900 0.0000
298 1 0 0 13.5600 0.2500
298 1 0 0 37.8480 0.1535
298 1 0 0 10.8260 0.2500
298 1 0 0 18.9160 0.2500
298 1 0 0 11.3470 0.2500
298 1 0 0 15.7090 0.2500
298 0 1 0 5.4820 0.0000
298 0 1 0 11.0370 0.0000
298 0 1 0 10.7150 0.0000
298 1 0 0 18.8630 0.2500
297 1 0 0 10.7880 0.2500
297 1 0 0 12.3400 0.2500
297 1 0 0 10.3820 0.2500
296 1 0 0 11.6700 0.2500
296 1 0 0 9.6800 0.2500
296 1 0 0 11.6440 0.2500
296 1 0 0 9.5960 0.2500
295 0 1 0 7.4900 0.0000
295 1 0 0 10.3640 0.2500
295 1 0 0 12.8410 0.2500
295 1 0 0 13.0670 0.2500
295 1 0 0 17.1020 0.2500
295 0 1 0 4.3940 0.0000
295 1 0 0 11.0940 0.2500
293 0 1 0 5.4660 0.0000
293 1 0 0 15.5580 0.2500
293 1 0 0 12.2760 0.2500
292 1 0 0 16.8070 0.2500
292 1 0 0 13.5680 0.2500
292 1 0 0 13.8440 0.2500
292 1 0 0 13.9540 0.2500
292 1 0 0 13.8750 0.2500
280 1 0 0 10.5370 0.2500
280 1 0 0 10.3850 0.2500
280 1 0 0 11.2720 0.2500
280 1 0 0 10.3530 0.2500
280 1 0 0 10.6220 0.2500
250 1 0 0 18.2520 0.2500
250 0 1 0 15.6300 0.0000
250 1 0 0 12.2470 0.2500
250 1 0 0 12.8490 0.2500
250 1 0 0 18.4740 0.2500
250 0 1 0 8.7250 0.0000
250 1 0 0 13.2350 0.2500
250 0 1 0 14.6590 0.0000
250 1 0 0 14.1620 0.2500
250 0 1 0 13.3260 0.0000
250 0 1 0 14.8870 0.0000
250 1 0 0 13.1220 0.2500
250 1 0 0 14.5870 0.2500
250 0 1 0 15.6960 0.0000
250 1 0 0 13.9540 0.2500
250 0 1 0 16.5150 0.0000
250 0 1 0 12.0090 0.0000
250 1 0 0 13.0440 0.2500
250 0 1 0 8.1220 0.0000
250 1 0 0 13.3750 0.2500
250 0 1 0 15.8990 0.0000
250 1 0 0 18.5620 0.2500
250 0 1 0 14.7690 0.0000
250 1 0 0 30.4910 0.1734
250 0 1 0 14.8860 0.0000
250 0 1 0 14.8350 0.0000
250 0 1 0 4.3030 0.0000
250 0 1 0 14.7840 0.0000
280 1 0 0 11.2830 0.2500
280 1 0 0 10.3460 0.2500
280 0 1 0 7.1700 0.0000
280 1 0 0 10.8470 0.2500
250 0 1 0 9.9580 0.0000
250 0 1 0 22.5600 0.0000
280 1 0 0 10.4150 0.2500
280 1 0 0 10.2070 0.2500
280 1 0 0 10.4510 0.2500
250 0 1 0 16.0090 0.0000
280 1 0 0 10.6300 0.2500
280 1 0 0 11.1180 0.2500
280 1 0 0 10.3000 0.2500
270 1 0 0 9.4970 0.2500
270 1 0 0 9.4920 0.2500
270 1 0 0 9.5020 0.2500
270 1 0 0 9.7820 0.2500
270 1 0 0 9.5190 0.2500
270 1 0 0 9.4940 0.2500
270 1 0 0 10.0860 0.2500
270 1 0 0 9.5090 0.2500
270 1 0 0 9.7790 0.2500
270 1 0 0 9.5050 0.2500
270 1 0 0 9.5460 0.2500
270 1 0 0 10.6200 0.2500
270 1 0 0 9.5250 0.2500
290 1 0 0 11.0600 0.2500
290 1 0 0 12.1520 0.2500
290 1 0 0 10.9770 0.2500
290 1 0 0 11.4440 0.2500
290 1 0 0 13.2660 0.2500
290 1 0 0 11.5170 0.2500
290 1 0 0 11.4160 0.2500
290 1 0 0 12.3920 0.2500
290 1 0 0 11.4940 0.2500
290 1 0 0 11.2230 0.2500
290 1 0 0 11.1050 0.2500
290 1 0 0 10.6730 0.2500
290 1 0 0 11.2790 0.2500
290 1 0 0 10.6920 0.2500
290 1 0 0 10.6810 0.2500
290 1 0 0 11.3150 0.2500
290 1 0 0 11.5200 0.2500
290 1 0 0 10.9060 0.2500
290 1 0 0 10.6650 0.2500
290 1 0 0 10.4950 0.2500
290 1 0 0 10.4450 0.2500
290 1 0 0 10.5650 0.2500
290 1 0 0 10.7890 0.2500
290 1 0 0 11.6090 0.2500
290 1 0 0 11.3120 0.2500
290 1 0 0 10.7720 0.2500
290 1 0 0 11.3360 0.2500
290 1 0 0 10.9690 0.2500
290 1 0 0 11.2170 0.2500
290 1 0 0 11.3290 0.2500
290 1 0 0 11.4040 0.2500
290 1 0 0 10.9500 0.2500
280 1 0 0 11.4430 0.2500
250 1 0 0 18.1040 0.2500
250 0 1 0 15.3890 0.0000
250 1 0 0 17.6450 0.2500
290 1 0 0 10.6320 0.2500
290 1 0 0 11.1310 0.2500
290 1 0 0 11.2360 0.2500
290 1 0 0 11.5140 0.2500
290 1 0 0 11.4220 0.2500
290 1 0 0 10.3950 0.2500
290 1 0 0 12.1720 0.2500
290 1 0 0 10.5050 0.2500
290 1 0 0 10.4430 0.2500
290 1 0 0 10.9150 0.2500
290 1 0 0 10.6760 0.2500
290 1 0 0 10.6250 0.2500
250 1 0 0 18.7700 0.2500
250 1 0 0 17.6320 0.2500
250 0 1 0 9.3420 0.0000
250 1 0 0 16.4490 0.2500
250 0 1 0 10.6060 0.0000
250 1 0 0 16.7460 0.2500
290 1 0 0 11.3150 0.2500
290 1 0 0 11.1230 0.2500
290 1 0 0 10.2820 0.2500
290 1 0 0 11.1280 0.2500
290 1 0 0 10.4720 0.2500
290 1 0 0 11.1350 0.2500
290 1 0 0 11.0220 0.2500
290 1 0 0 10.9280 0.2500
290 1 0 0 11.7100 0.2500
290 1 0 0 10.4940 0.2500
290 1 0 0 10.1100 0.2500
290 1 0 0 12.2520 0.2500
290 1 0 0 12.1290 0.2500
290 1 0 0 10.3780 0.2500
290 1 0 0 10.3930 0.2500
290 1 0 0 10.3760 0.2500
290 1 0 0 10.4640 0.2500
290 1 0 0 10.2040 0.2500
250 1 0 0 13.5610 0.2500
250 0 1 0 10.2700 0.0000
250 1 0 0 13.7230 0.2500
291 1 0 0 9.3250 0.2500
292 1 0 0 11.9190 0.2500
292 1 0 0 11.9150 0.2500
292 0 1 0 9.9320 0.0000
293 1 0 0 13.0170 0.2500
293 1 0 0 13.5110 0.2500
294 1 0 0 19.8370 0.2500
294 1 0 0 15.4760 0.2500
0 1 0 0 9.6030 0.2500
0 1 0 0 12.2190 0.2500
0 1 0 0 9.9980 0.2500
0 1 0 0 9.9820 0.2500
0 1 0 0 10.0090 0.2500
0 1 0 0 10.1020 0.2500
